0.000009 0.000040 0.000031 0.000031 0.000044 0.000036 0.000027 0.000031 0.000031 0.000022 0.000044 0.000027 0.000036 0.000027 0.000049 0.000036 0.000018 0.000018 0.000036 0.000013 
0.000040 0.000844 0.000449 0.000511 0.000889 0.000507 0.000711 0.000591 0.000720 0.000564 0.000764 0.000560 0.000849 0.000676 0.000622 0.000804 0.000862 0.000556 0.000636 0.000600 
0.000022 0.001231 0.000764 0.001080 0.001209 0.001053 0.001058 0.001124 0.000853 0.001236 0.001200 0.000920 0.001378 0.001027 0.000991 0.001124 0.001107 0.000982 0.001164 0.001204 
0.000071 0.001827 0.001076 0.001516 0.001164 0.001662 0.001720 0.001404 0.001827 0.001902 0.001036 0.001307 0.001773 0.001578 0.001409 0.001920 0.001822 0.002084 0.001729 0.001796 
0.000058 0.002240 0.001533 0.001533 0.002298 0.002396 0.002836 0.002076 0.001916 0.002724 0.002391 0.002733 0.003009 0.002564 0.002289 0.003062 0.002022 0.003116 0.002844 0.002387 
0.000022 0.003213 0.001204 0.001884 0.003573 0.003564 0.003080 0.004151 0.005004 0.003889 0.003840 0.004724 0.004831 0.006502 0.005289 0.008529 0.006733 0.008347 0.007840 0.009484 
0.000049 0.003973 0.002649 0.005036 0.006476 0.005764 0.008293 0.009822 0.007307 0.009147 0.035609 0.024418 0.057778 0.069169 0.085071 0.091080 0.103329 0.107169 0.112560 0.125947 
0.000031 0.005693 0.003311 0.006480 0.009636 0.022840 0.038618 0.071049 0.097458 0.115911 0.126929 0.141507 0.161018 0.169596 0.175151 0.186031 0.193951 0.200916 0.203462 0.212569 
0.000076 0.007178 0.004951 0.026524 0.049800 0.072520 0.105018 0.132924 0.151649 0.171289 0.190956 0.202502 0.215680 0.225196 0.229689 0.242978 0.247529 0.255587 0.260427 0.266756 
0.000080 0.010151 0.016169 0.050244 0.081667 0.117027 0.147000 0.170320 0.191156 0.206693 0.229684 0.238462 0.249751 0.262702 0.270258 0.281320 0.287320 0.293524 0.302267 0.304951 
0.000044 0.015227 0.026204 0.066369 0.107818 0.140902 0.173391 0.195840 0.217516 0.237031 0.254956 0.272822 0.279671 0.290720 0.298436 0.308462 0.318120 0.324076 0.331520 0.337618 
0.000013 0.019613 0.042982 0.082622 0.126809 0.159684 0.191702 0.215293 0.238249 0.259462 0.274276 0.290769 0.304804 0.314271 0.322867 0.331764 0.341480 0.348933 0.352964 0.361471 
0.000013 0.027236 0.054089 0.098333 0.141253 0.175178 0.206498 0.232156 0.257191 0.275173 0.291982 0.307947 0.319796 0.331942 0.342600 0.350516 0.360849 0.368222 0.378204 0.380293 
0.000022 0.027453 0.064387 0.108373 0.149644 0.187738 0.219520 0.245831 0.269502 0.291844 0.307782 0.320244 0.336240 0.347298 0.362871 0.368729 0.375476 0.385160 0.391156 0.400200 
0.000076 0.031840 0.068422 0.116653 0.161147 0.198418 0.229378 0.258142 0.282871 0.302049 0.322813 0.335938 0.351213 0.361724 0.374040 0.382942 0.391973 0.399098 0.406796 0.413667 
0.000040 0.033960 0.073662 0.122956 0.167027 0.205604 0.239964 0.268613 0.292107 0.313702 0.332484 0.345680 0.360987 0.372773 0.386996 0.395147 0.405693 0.411569 0.420898 0.425622 
0.000049 0.034591 0.077702 0.129613 0.174622 0.212676 0.246796 0.275680 0.302409 0.322773 0.341591 0.357400 0.371947 0.386333 0.396827 0.406978 0.415867 0.426044 0.431382 0.436462 
0.000084 0.037991 0.081951 0.132538 0.181684 0.220796 0.253716 0.284036 0.307178 0.329787 0.346804 0.365636 0.380996 0.395338 0.406756 0.417231 0.423840 0.433684 0.441782 0.449733 
0.000067 0.040640 0.083929 0.136933 0.183809 0.225253 0.261933 0.291569 0.316089 0.338418 0.356093 0.372098 0.386973 0.400329 0.413636 0.421778 0.432609 0.444062 0.451462 0.458480 
0.000102 0.042493 0.089116 0.142116 0.189991 0.232498 0.265236 0.295507 0.320511 0.343458 0.364467 0.380822 0.396000 0.410173 0.420364 0.432627 0.439458 0.451560 0.458502 0.465351 
