0.000012 0.000029 0.000028 0.000031 0.000035 0.000034 0.000032 0.000031 0.000037 0.000034 0.000032 0.000032 0.000030 0.000032 0.000033 0.000031 0.000035 0.000030 0.000034 0.000034 0.000026 0.000024 0.000036 0.000034 0.000030 0.000035 0.000031 0.000034 0.000035 0.000022 0.000034 0.000025 0.000032 0.000032 0.000036 0.000029 0.000036 0.000029 0.000033 0.000034 0.000029 0.000032 0.000029 0.000027 0.000028 0.000034 0.000032 0.000028 0.000032 0.000032 
0.000033 0.000339 0.000247 0.000338 0.000290 0.000278 0.000316 0.000383 0.000335 0.000330 0.000296 0.000299 0.000417 0.000284 0.000357 0.000359 0.000335 0.000292 0.000261 0.000456 0.000345 0.000335 0.000342 0.000413 0.000264 0.000276 0.000394 0.000341 0.000344 0.000300 0.000382 0.000344 0.000464 0.000291 0.000354 0.000328 0.000328 0.000354 0.000286 0.000372 0.000271 0.000379 0.000417 0.000265 0.000354 0.000349 0.000364 0.000401 0.000355 0.000319 
0.000024 0.000499 0.000373 0.000482 0.000475 0.000562 0.000568 0.000511 0.000629 0.000519 0.000537 0.000461 0.000526 0.000580 0.000538 0.000514 0.000532 0.000503 0.000664 0.000427 0.000553 0.000533 0.000455 0.000561 0.000629 0.000535 0.000514 0.000467 0.000477 0.000569 0.000514 0.000543 0.000518 0.000567 0.000437 0.000494 0.000594 0.000415 0.000655 0.000430 0.000497 0.000587 0.000461 0.000440 0.000655 0.000580 0.000597 0.000587 0.000407 0.000600 
0.000023 0.000524 0.000602 0.000558 0.000605 0.000631 0.000749 0.000507 0.000665 0.000682 0.000752 0.000683 0.000650 0.000831 0.000591 0.000642 0.000770 0.000647 0.000808 0.000821 0.000555 0.000696 0.000626 0.000878 0.000672 0.000608 0.000775 0.000574 0.000696 0.000642 0.000658 0.000728 0.000619 0.000717 0.000678 0.000644 0.000943 0.000431 0.000883 0.000463 0.000918 0.000818 0.000743 0.000778 0.000822 0.000757 0.000724 0.000636 0.000668 0.000861 
0.000014 0.000665 0.000650 0.000507 0.000700 0.000761 0.000752 0.000957 0.000677 0.000915 0.000714 0.000939 0.000796 0.000701 0.000935 0.001177 0.000546 0.000935 0.000700 0.001040 0.000684 0.001100 0.000940 0.000838 0.000885 0.001037 0.000872 0.000694 0.000817 0.000940 0.000806 0.000779 0.001114 0.000913 0.000979 0.000900 0.000905 0.000996 0.001002 0.000877 0.001082 0.000783 0.000797 0.000798 0.000828 0.000874 0.001032 0.000845 0.001004 0.000960 
0.000022 0.000752 0.000752 0.000752 0.000901 0.000994 0.000933 0.000882 0.001026 0.001061 0.000769 0.001058 0.000762 0.000903 0.001097 0.000951 0.001047 0.001104 0.000989 0.000914 0.001065 0.000986 0.001017 0.001274 0.001285 0.000806 0.000994 0.000856 0.001232 0.001156 0.001296 0.000706 0.000833 0.001280 0.001234 0.000941 0.001139 0.001242 0.000674 0.001229 0.001023 0.000896 0.001361 0.001093 0.001319 0.001004 0.001227 0.001037 0.001030 0.001001 
0.000018 0.000740 0.000723 0.000889 0.000992 0.000807 0.001092 0.001162 0.001078 0.001076 0.001044 0.001484 0.001110 0.001243 0.001035 0.001262 0.000969 0.001224 0.001036 0.001215 0.001301 0.001076 0.001455 0.001252 0.001215 0.001311 0.001287 0.000933 0.001253 0.001311 0.001043 0.001404 0.001108 0.001437 0.001443 0.001069 0.001324 0.001420 0.001326 0.001330 0.001467 0.001302 0.000928 0.001735 0.001560 0.001202 0.001324 0.001220 0.001238 0.001087 
0.000023 0.001005 0.000632 0.001080 0.000972 0.001162 0.001175 0.001433 0.001086 0.001145 0.001690 0.000915 0.001592 0.001390 0.000998 0.001279 0.001632 0.001520 0.001273 0.001900 0.001120 0.001361 0.001975 0.001390 0.001620 0.001653 0.001869 0.001672 0.001792 0.001773 0.001399 0.001526 0.001734 0.001691 0.001313 0.002073 0.001414 0.001019 0.001532 0.001904 0.001028 0.002181 0.001315 0.002167 0.001662 0.001608 0.001922 0.001371 0.001914 0.001362 
0.000025 0.000994 0.000987 0.001200 0.001262 0.001185 0.001735 0.001507 0.001257 0.001385 0.001493 0.001484 0.001335 0.001317 0.001535 0.001630 0.001599 0.001593 0.001349 0.001514 0.001730 0.002154 0.001461 0.002038 0.001469 0.002242 0.001947 0.001976 0.000966 0.002045 0.002013 0.001932 0.001760 0.001953 0.001950 0.001565 0.001648 0.001386 0.002047 0.002120 0.001747 0.002114 0.002047 0.002309 0.001035 0.002825 0.001682 0.001734 0.002246 0.002260 
0.000022 0.001074 0.001059 0.001324 0.001014 0.001358 0.001590 0.001738 0.001644 0.001835 0.001577 0.002141 0.001429 0.002190 0.001556 0.002110 0.002025 0.001402 0.002048 0.001788 0.002235 0.001846 0.001863 0.001990 0.001938 0.002457 0.001893 0.002255 0.001218 0.001951 0.002575 0.001263 0.002372 0.002255 0.002782 0.002244 0.002192 0.002756 0.001722 0.002815 0.001387 0.002919 0.002331 0.001348 0.002869 0.001623 0.001906 0.001816 0.002459 0.002440 
0.000015 0.001088 0.001303 0.001408 0.001737 0.001931 0.001621 0.001834 0.001789 0.001612 0.002448 0.001632 0.001365 0.002061 0.002185 0.002125 0.002626 0.001708 0.001838 0.002599 0.002664 0.001981 0.002512 0.003134 0.002301 0.001956 0.002927 0.002291 0.002742 0.001933 0.002204 0.002779 0.001587 0.002223 0.002350 0.002152 0.003133 0.002397 0.002372 0.002616 0.002551 0.003315 0.002552 0.002932 0.002567 0.002539 0.003778 0.002711 0.002637 0.002520 
0.000022 0.001343 0.001232 0.001768 0.001425 0.002242 0.001768 0.002780 0.001424 0.002223 0.002007 0.001686 0.003078 0.002065 0.002943 0.001394 0.003019 0.003147 0.003050 0.003021 0.002423 0.002823 0.003150 0.002905 0.001866 0.003576 0.002961 0.002867 0.002926 0.002877 0.003176 0.004019 0.004115 0.003271 0.003206 0.003384 0.002895 0.003287 0.004530 0.002589 0.003545 0.002762 0.003812 0.004910 0.002628 0.002778 0.003084 0.003969 0.002712 0.003762 
0.000026 0.001399 0.001454 0.001754 0.002357 0.001916 0.001996 0.001886 0.002298 0.002276 0.002622 0.003288 0.002167 0.002992 0.003243 0.002695 0.003422 0.002846 0.003728 0.002149 0.004074 0.004379 0.003397 0.003624 0.003673 0.002505 0.004108 0.003795 0.004238 0.005539 0.003005 0.003190 0.005959 0.003659 0.004831 0.005080 0.004951 0.003394 0.005105 0.003614 0.003491 0.005633 0.005799 0.003792 0.003794 0.004171 0.006507 0.004051 0.004928 0.006980 
0.000026 0.001560 0.001706 0.001636 0.002224 0.002570 0.001972 0.003060 0.002428 0.003026 0.003008 0.002741 0.003806 0.003016 0.003210 0.003388 0.004739 0.003775 0.002502 0.005732 0.003057 0.003099 0.006564 0.003604 0.005239 0.006257 0.006251 0.004084 0.004086 0.006482 0.004398 0.004756 0.005019 0.009825 0.005078 0.005768 0.007949 0.006266 0.006409 0.006304 0.006931 0.008138 0.007139 0.007458 0.008241 0.007904 0.013277 0.008021 0.009604 0.010732 
0.000025 0.001730 0.001699 0.002283 0.002708 0.002335 0.002302 0.003418 0.003517 0.001853 0.004269 0.002200 0.005560 0.002600 0.004380 0.005006 0.005338 0.005270 0.005799 0.004629 0.007209 0.005080 0.005821 0.009032 0.005728 0.006063 0.007400 0.010424 0.008128 0.008203 0.010378 0.015173 0.012598 0.014316 0.026869 0.015964 0.017813 0.019129 0.026596 0.021349 0.026808 0.033093 0.041363 0.037195 0.038538 0.050123 0.047692 0.050762 0.054138 0.058035 
0.000030 0.001752 0.001952 0.001676 0.002547 0.002929 0.003853 0.003523 0.003834 0.004757 0.003861 0.004142 0.006808 0.003455 0.003767 0.004708 0.005347 0.005722 0.006981 0.006857 0.007489 0.013494 0.013295 0.014243 0.015598 0.020976 0.021449 0.032830 0.037399 0.038942 0.050470 0.056596 0.056974 0.063657 0.069950 0.078323 0.079991 0.086542 0.093079 0.091450 0.096916 0.098954 0.104262 0.105378 0.111921 0.112332 0.113844 0.117093 0.121108 0.125011 
0.000031 0.002064 0.001873 0.002116 0.003225 0.003218 0.003402 0.004709 0.004124 0.004466 0.005083 0.004840 0.004507 0.008762 0.006396 0.007252 0.017938 0.017374 0.016535 0.024154 0.031625 0.039419 0.048650 0.058543 0.064597 0.071201 0.080299 0.088679 0.091614 0.100481 0.105888 0.111762 0.114930 0.122282 0.123739 0.129726 0.133320 0.134871 0.138795 0.141258 0.146448 0.149261 0.148851 0.153512 0.158520 0.158344 0.163295 0.164076 0.168482 0.168764 
0.000049 0.002244 0.002554 0.002414 0.003543 0.004342 0.004808 0.004123 0.003941 0.006957 0.007997 0.007183 0.009837 0.010861 0.018105 0.025146 0.033305 0.042710 0.057905 0.065590 0.076392 0.086392 0.093411 0.100901 0.109274 0.113941 0.120668 0.126841 0.131317 0.137874 0.141536 0.145581 0.150827 0.156312 0.161004 0.162040 0.167105 0.170706 0.174032 0.177193 0.179616 0.183120 0.184689 0.187264 0.192184 0.193341 0.194554 0.196922 0.199535 0.202457 
0.000038 0.002669 0.001927 0.004233 0.004373 0.004623 0.006393 0.007284 0.004847 0.009574 0.014445 0.012608 0.022647 0.030184 0.040830 0.053948 0.071204 0.079968 0.091282 0.099373 0.108743 0.116482 0.126548 0.133874 0.138030 0.143897 0.149898 0.155125 0.159602 0.165837 0.170886 0.175412 0.179175 0.182768 0.187522 0.189648 0.194920 0.197288 0.200680 0.204098 0.207274 0.210257 0.212571 0.214620 0.216873 0.219119 0.221919 0.224772 0.226666 0.227377 
0.000030 0.002716 0.003299 0.003504 0.005185 0.004676 0.008252 0.011903 0.015161 0.011528 0.019120 0.029240 0.048307 0.061659 0.073760 0.084574 0.095368 0.105379 0.116426 0.125667 0.133936 0.140888 0.148112 0.155384 0.162370 0.167663 0.173910 0.178729 0.183782 0.188693 0.193901 0.198760 0.201712 0.205737 0.209559 0.213552 0.217214 0.220282 0.224082 0.226133 0.229374 0.231530 0.235020 0.236670 0.239179 0.241928 0.244161 0.245535 0.248146 0.250653 
0.000035 0.002966 0.003845 0.006004 0.005721 0.006805 0.009113 0.008628 0.016991 0.027298 0.040083 0.054778 0.068283 0.084657 0.094279 0.106575 0.118924 0.127736 0.136441 0.145476 0.153920 0.162143 0.167930 0.175136 0.180178 0.186297 0.193320 0.197666 0.203435 0.208683 0.212383 0.217372 0.221414 0.224653 0.228999 0.232825 0.236339 0.240135 0.241539 0.246065 0.248478 0.251065 0.253126 0.256516 0.258842 0.261053 0.263507 0.266086 0.268351 0.269660 
0.000091 0.003330 0.005014 0.006114 0.009806 0.009172 0.010271 0.020520 0.029165 0.044323 0.058679 0.073812 0.087392 0.102199 0.112681 0.123829 0.135105 0.144211 0.155042 0.162619 0.169621 0.178650 0.183893 0.191265 0.197240 0.204110 0.209594 0.214362 0.220156 0.225105 0.229349 0.234106 0.238141 0.241604 0.245585 0.248800 0.252997 0.255731 0.259919 0.261895 0.265735 0.268343 0.271477 0.273701 0.276029 0.278261 0.279640 0.282368 0.285380 0.287111 
0.000068 0.003830 0.004915 0.007890 0.009527 0.012078 0.016923 0.033021 0.044298 0.059754 0.073924 0.087358 0.102400 0.115205 0.126792 0.138215 0.147477 0.158770 0.167745 0.176733 0.184783 0.192781 0.199814 0.206905 0.212806 0.217847 0.224174 0.230382 0.234931 0.240021 0.242737 0.248523 0.252791 0.256736 0.260945 0.265120 0.267467 0.271529 0.274438 0.278209 0.280554 0.282170 0.285352 0.287975 0.290673 0.293459 0.295937 0.297733 0.300728 0.301897 
0.000088 0.004259 0.005916 0.009119 0.014360 0.019331 0.025541 0.041297 0.056317 0.071500 0.086868 0.101975 0.116035 0.129047 0.140384 0.150862 0.162031 0.171540 0.180526 0.189527 0.197420 0.204690 0.212167 0.218714 0.225591 0.231812 0.236779 0.242564 0.248177 0.252759 0.257524 0.261876 0.264926 0.269786 0.273111 0.278406 0.281058 0.283643 0.288435 0.291023 0.293869 0.295898 0.299000 0.301243 0.304158 0.306907 0.308766 0.312051 0.313356 0.315514 
0.000077 0.004819 0.005466 0.010682 0.015823 0.025729 0.034344 0.050799 0.066646 0.083543 0.097037 0.111947 0.125401 0.137177 0.150063 0.161853 0.172334 0.183122 0.191331 0.200136 0.208379 0.216022 0.223718 0.229376 0.236000 0.242612 0.248571 0.253732 0.259087 0.264294 0.268255 0.273549 0.277418 0.281274 0.285422 0.289479 0.292777 0.296133 0.300004 0.303304 0.305264 0.308994 0.311605 0.314497 0.316444 0.318722 0.321747 0.323053 0.326644 0.328884 
0.000158 0.005331 0.008601 0.015809 0.016892 0.027105 0.042284 0.059884 0.075730 0.091318 0.107402 0.121287 0.135616 0.146605 0.159829 0.171366 0.182383 0.191173 0.200772 0.210168 0.217640 0.224691 0.233196 0.240558 0.247453 0.252886 0.258895 0.264528 0.268946 0.274632 0.278777 0.284492 0.288518 0.292673 0.296291 0.299649 0.304398 0.308021 0.310691 0.313244 0.316533 0.319676 0.322282 0.325435 0.327817 0.329796 0.333116 0.335417 0.336832 0.339721 
0.000136 0.006354 0.009094 0.014233 0.023935 0.036608 0.049478 0.066596 0.083179 0.099486 0.114212 0.128952 0.143018 0.156361 0.167782 0.179171 0.190439 0.201110 0.210753 0.218660 0.227264 0.234144 0.242827 0.249909 0.257077 0.262153 0.268705 0.273569 0.278670 0.284623 0.288843 0.293441 0.297857 0.302125 0.306284 0.310187 0.314100 0.317932 0.321080 0.323973 0.326749 0.329385 0.333161 0.334656 0.337517 0.339988 0.343436 0.345566 0.347587 0.350305 
0.000163 0.007167 0.013252 0.020557 0.026539 0.040454 0.056086 0.073396 0.089972 0.105998 0.121275 0.136413 0.150183 0.163779 0.175789 0.187023 0.198297 0.208681 0.218577 0.226644 0.235580 0.242916 0.251512 0.256753 0.264469 0.270768 0.276135 0.283184 0.288004 0.292946 0.298122 0.302557 0.306889 0.311185 0.315197 0.319597 0.323606 0.326592 0.329886 0.332771 0.336685 0.338268 0.341737 0.344773 0.348011 0.350446 0.352012 0.355575 0.357546 0.359015 
0.000141 0.008142 0.014016 0.018813 0.029978 0.045234 0.061411 0.078173 0.095726 0.113275 0.127966 0.142246 0.156987 0.170006 0.182004 0.194302 0.205002 0.215508 0.225821 0.234751 0.242294 0.251413 0.257716 0.265794 0.271435 0.278382 0.285152 0.289862 0.295430 0.301396 0.305667 0.310924 0.315839 0.319301 0.323226 0.326781 0.331327 0.335731 0.338293 0.341839 0.344552 0.348097 0.351104 0.353294 0.356788 0.359274 0.360601 0.364014 0.365792 0.368078 
0.000316 0.009220 0.014625 0.023779 0.034413 0.050358 0.066698 0.084063 0.100885 0.117493 0.133553 0.149041 0.162555 0.176734 0.188392 0.200009 0.212185 0.221644 0.231813 0.241627 0.249606 0.257046 0.265817 0.272863 0.279516 0.285467 0.291643 0.298320 0.302931 0.308789 0.313610 0.318617 0.323350 0.327383 0.331581 0.335486 0.339052 0.342692 0.346731 0.349116 0.352673 0.356495 0.359307 0.361897 0.364832 0.366930 0.368749 0.372299 0.374930 0.376975 
0.000227 0.009706 0.017098 0.023973 0.037851 0.052798 0.070564 0.088216 0.106173 0.122128 0.138840 0.153277 0.167859 0.181180 0.193368 0.206619 0.217063 0.227653 0.237510 0.247392 0.256060 0.264415 0.271851 0.278862 0.286066 0.292502 0.299376 0.304046 0.310194 0.314799 0.320148 0.324975 0.328920 0.333568 0.338259 0.343199 0.346366 0.350681 0.354157 0.357617 0.359577 0.363065 0.366399 0.369161 0.371704 0.374966 0.377153 0.380021 0.381885 0.384734 
0.000357 0.010257 0.016608 0.026262 0.042144 0.056613 0.074133 0.092166 0.110038 0.126846 0.142540 0.157790 0.172977 0.186576 0.199141 0.211499 0.223201 0.233473 0.243705 0.253240 0.261261 0.269671 0.278139 0.285533 0.291726 0.299510 0.305252 0.311134 0.316712 0.321383 0.327620 0.332057 0.335836 0.340620 0.344862 0.348869 0.353194 0.357032 0.360674 0.363869 0.367556 0.370051 0.373113 0.376611 0.378612 0.381728 0.384113 0.386693 0.389309 0.392237 
0.000277 0.010452 0.019603 0.029057 0.044176 0.059375 0.077906 0.096098 0.113799 0.131765 0.147583 0.162981 0.177893 0.191600 0.204673 0.216074 0.227954 0.239457 0.249373 0.258756 0.267114 0.276164 0.283571 0.291311 0.297458 0.304419 0.311455 0.316756 0.322800 0.327956 0.332884 0.337894 0.342982 0.347553 0.350841 0.355661 0.358799 0.363511 0.367427 0.370838 0.373783 0.376590 0.380062 0.383342 0.385141 0.388325 0.390723 0.393510 0.395956 0.398043 
0.000400 0.011901 0.020072 0.030453 0.046108 0.063086 0.081001 0.099861 0.116943 0.134476 0.151587 0.167383 0.182038 0.196291 0.209354 0.221269 0.232745 0.243674 0.253194 0.263090 0.272735 0.280120 0.288117 0.296713 0.303719 0.309899 0.316671 0.322162 0.327768 0.333548 0.338495 0.343863 0.348976 0.352591 0.357589 0.361575 0.365569 0.369588 0.373220 0.376075 0.380678 0.383482 0.386579 0.389595 0.392123 0.394897 0.397889 0.400640 0.402596 0.405618 
0.000392 0.012227 0.021655 0.034327 0.047108 0.065673 0.084492 0.102989 0.121259 0.137985 0.155738 0.171563 0.186354 0.200286 0.212965 0.225612 0.237627 0.247844 0.258423 0.268589 0.277935 0.286291 0.293813 0.301132 0.307896 0.314768 0.321766 0.327990 0.332764 0.339277 0.344377 0.349504 0.353825 0.358389 0.363477 0.367451 0.370818 0.375541 0.379049 0.382732 0.385262 0.389348 0.392377 0.395302 0.398448 0.401287 0.403248 0.406199 0.409054 0.411444 
0.000437 0.012444 0.023010 0.035524 0.050023 0.068141 0.087461 0.105140 0.124129 0.141616 0.158894 0.175102 0.189817 0.204096 0.217552 0.229581 0.242554 0.253396 0.262704 0.272643 0.280819 0.290948 0.298751 0.306485 0.312937 0.320002 0.326334 0.332587 0.337825 0.344024 0.349099 0.354153 0.359362 0.363918 0.369124 0.372583 0.376839 0.381127 0.384166 0.388331 0.391545 0.394324 0.397994 0.401025 0.404113 0.406957 0.408774 0.411605 0.414937 0.417723 
0.000520 0.012637 0.022537 0.037009 0.052090 0.069940 0.089146 0.108820 0.127093 0.144153 0.161930 0.178274 0.193443 0.207394 0.220388 0.233582 0.245190 0.257129 0.266518 0.276638 0.286745 0.294456 0.302928 0.310444 0.317667 0.324192 0.331692 0.337316 0.343527 0.349137 0.354385 0.359058 0.364164 0.369674 0.373268 0.377137 0.382766 0.385424 0.389168 0.392795 0.397090 0.400704 0.402055 0.406571 0.409547 0.412105 0.414798 0.417552 0.419897 0.422640 
0.000448 0.013754 0.023258 0.037441 0.054295 0.071918 0.091478 0.111545 0.129582 0.148206 0.165348 0.181335 0.196888 0.210885 0.225019 0.237233 0.250328 0.260323 0.270431 0.279904 0.290178 0.298483 0.306160 0.314790 0.321871 0.329040 0.335333 0.341878 0.347196 0.353040 0.358465 0.364121 0.368727 0.373504 0.377845 0.382532 0.387312 0.390222 0.394618 0.398379 0.401649 0.405726 0.407788 0.411842 0.415086 0.417238 0.420562 0.422834 0.425661 0.428046 
0.000529 0.013968 0.024937 0.038537 0.057131 0.073632 0.094595 0.113186 0.132861 0.150202 0.168132 0.184470 0.199300 0.214521 0.227290 0.240892 0.253148 0.264167 0.274392 0.285026 0.294203 0.302554 0.310510 0.318641 0.326089 0.332915 0.340010 0.346066 0.352815 0.357788 0.363114 0.368950 0.373451 0.377829 0.382811 0.387388 0.391354 0.395788 0.399048 0.402410 0.406208 0.410639 0.413582 0.416387 0.419769 0.422641 0.425178 0.427736 0.429703 0.432948 
0.000488 0.014337 0.024525 0.040135 0.057602 0.075421 0.095924 0.115840 0.135306 0.152921 0.171262 0.186956 0.203063 0.217157 0.231036 0.243570 0.256104 0.266415 0.278066 0.287265 0.297103 0.306074 0.314705 0.322267 0.330193 0.336538 0.343489 0.349659 0.356451 0.362167 0.367114 0.371779 0.377944 0.383004 0.387484 0.391640 0.395813 0.399503 0.403859 0.407077 0.410945 0.413879 0.418064 0.421072 0.424202 0.427393 0.429775 0.432139 0.435870 0.438010 
0.000533 0.014682 0.026053 0.042510 0.058893 0.077219 0.097974 0.118107 0.136719 0.155399 0.173404 0.189795 0.205560 0.219611 0.234315 0.246653 0.259201 0.270375 0.281380 0.290563 0.300818 0.309014 0.317844 0.325547 0.334101 0.340758 0.346982 0.353638 0.360467 0.366333 0.371372 0.376501 0.381619 0.386135 0.391433 0.395250 0.399996 0.403604 0.407715 0.412000 0.414623 0.418931 0.422705 0.424886 0.428538 0.431624 0.434836 0.436724 0.440198 0.442605 
0.000524 0.015066 0.026617 0.042047 0.059943 0.079443 0.099733 0.120518 0.138829 0.157443 0.175853 0.191980 0.208175 0.222451 0.236296 0.249128 0.262747 0.273300 0.283447 0.293655 0.304274 0.314189 0.320625 0.329083 0.336971 0.344729 0.350797 0.357584 0.363297 0.369290 0.374378 0.379795 0.384957 0.390412 0.395037 0.399733 0.403743 0.407857 0.412260 0.415860 0.419963 0.423003 0.426088 0.429696 0.432421 0.435778 0.438708 0.441388 0.443878 0.446832 
0.000576 0.015299 0.028420 0.043646 0.061658 0.081076 0.101640 0.121979 0.141711 0.159949 0.177563 0.194545 0.210006 0.224989 0.238953 0.252512 0.264938 0.276040 0.287263 0.297824 0.306936 0.315560 0.324740 0.332948 0.339804 0.346882 0.353784 0.359839 0.366406 0.373362 0.378419 0.383836 0.389005 0.393765 0.398669 0.404100 0.407505 0.412079 0.415864 0.419527 0.422747 0.425893 0.429609 0.433397 0.436018 0.439845 0.442579 0.445435 0.448299 0.450716 
0.000520 0.015702 0.026890 0.043834 0.062775 0.082472 0.103515 0.123765 0.143701 0.162561 0.179847 0.196837 0.212854 0.227553 0.241707 0.254324 0.267712 0.278950 0.289500 0.300077 0.309745 0.318057 0.327106 0.336336 0.342619 0.350080 0.356903 0.363693 0.370136 0.376429 0.381348 0.386823 0.391864 0.397381 0.402131 0.406810 0.411331 0.415225 0.419662 0.423265 0.426726 0.430785 0.434284 0.437086 0.440004 0.443976 0.446438 0.449137 0.451661 0.454686 
0.000658 0.015405 0.026078 0.044680 0.064105 0.083102 0.105284 0.125416 0.145644 0.163826 0.181780 0.199131 0.214607 0.229839 0.243758 0.256979 0.269455 0.281481 0.292792 0.302555 0.312747 0.320933 0.329551 0.337353 0.346070 0.353722 0.359929 0.366873 0.372903 0.379177 0.384671 0.390287 0.395638 0.400534 0.404876 0.409943 0.414436 0.419097 0.422512 0.426507 0.430061 0.433795 0.437054 0.440680 0.443837 0.447122 0.449974 0.452328 0.455991 0.458101 
0.000627 0.016240 0.028446 0.045714 0.064803 0.084917 0.105843 0.126488 0.147246 0.165497 0.183976 0.201863 0.217198 0.231425 0.246213 0.259144 0.272220 0.284166 0.294776 0.305510 0.315222 0.324313 0.332464 0.340739 0.348739 0.355786 0.362945 0.369424 0.376419 0.382225 0.387832 0.392753 0.398184 0.403594 0.408875 0.412708 0.417253 0.422202 0.425763 0.429769 0.434457 0.437815 0.440921 0.444353 0.447270 0.449847 0.453896 0.456772 0.458804 0.461362 
0.000643 0.016288 0.029240 0.047048 0.065479 0.086167 0.107109 0.128984 0.148700 0.167928 0.185768 0.202611 0.218801 0.233471 0.248243 0.261523 0.275411 0.285755 0.296282 0.308241 0.318228 0.326808 0.335659 0.344321 0.350899 0.358731 0.366176 0.372989 0.378543 0.384619 0.390781 0.396551 0.401211 0.406875 0.412051 0.416132 0.420709 0.425261 0.429469 0.433013 0.436604 0.440279 0.444393 0.447505 0.450895 0.454368 0.457508 0.459576 0.462207 0.465772 
0.000560 0.016609 0.029318 0.046708 0.066456 0.087017 0.108851 0.129762 0.150779 0.169001 0.187512 0.204446 0.220591 0.235715 0.250256 0.263930 0.276905 0.288241 0.299209 0.310432 0.319751 0.328537 0.337547 0.346065 0.353363 0.361223 0.368636 0.375074 0.381773 0.388484 0.393720 0.399093 0.404773 0.409510 0.414356 0.418997 0.424046 0.428693 0.432132 0.436141 0.439872 0.443888 0.447119 0.450678 0.453751 0.456772 0.460341 0.462722 0.466591 0.468877 
0.000573 0.017109 0.029901 0.047375 0.067656 0.087860 0.109876 0.130823 0.151588 0.171236 0.188749 0.206612 0.222613 0.237748 0.252962 0.265394 0.278801 0.290691 0.301793 0.311728 0.322308 0.331857 0.340506 0.348315 0.356181 0.364285 0.370930 0.378316 0.384675 0.390847 0.395794 0.401690 0.406754 0.412022 0.416980 0.422358 0.427632 0.431241 0.435796 0.438867 0.443830 0.446822 0.449966 0.454140 0.456086 0.460000 0.463401 0.466279 0.469303 0.472177 
0.000596 0.016900 0.030675 0.048312 0.068537 0.089550 0.110742 0.132920 0.152985 0.172047 0.190495 0.208380 0.224405 0.239240 0.254426 0.266875 0.280243 0.292480 0.303838 0.314730 0.324507 0.333913 0.342422 0.350503 0.358215 0.366237 0.373924 0.380261 0.387150 0.393287 0.398129 0.404403 0.409729 0.415092 0.420194 0.424649 0.429391 0.433874 0.437970 0.441628 0.446093 0.450309 0.453531 0.456868 0.459940 0.463203 0.466283 0.469881 0.472882 0.474673 
