0.000000 0.000000 0.000000 0.000000 0.000000 0.000000 0.000000 0.000000 0.000000 0.000000 0.000000 0.000000 0.000000 0.000000 0.000000 0.000000 0.000000 0.000000 0.000000 0.000000 
0.000000 0.000001 0.000002 0.000002 0.000003 0.000004 0.000004 0.000005 0.000006 0.000006 0.000007 0.000008 0.000009 0.000010 0.000010 0.000011 0.000012 0.000013 0.000013 0.000014 
0.000015 0.000015 0.000018 0.000019 0.000020 0.000022 0.000024 0.000026 0.000028 0.000029 0.000031 0.000033 0.000035 0.000038 0.000040 0.000042 0.000044 0.000046 0.000048 0.000050 
0.000052 0.000053 0.000058 0.000061 0.000064 0.000066 0.000069 0.000073 0.000078 0.000082 0.000085 0.000089 0.000092 0.000098 0.000103 0.000108 0.000112 0.000116 0.000120 0.000124 
0.000125 0.000128 0.000135 0.000139 0.000148 0.000153 0.000159 0.000167 0.000175 0.000184 0.000193 0.000210 0.000217 0.000227 0.000245 0.000252 0.000259 0.000269 0.000281 0.000296 
0.000303 0.000306 0.000319 0.000327 0.000345 0.000363 0.000380 0.000397 0.000420 0.000433 0.000454 0.000489 0.000523 0.000552 0.000605 0.000631 0.000662 0.000703 0.000752 0.000805 
0.000842 0.000847 0.000868 0.000883 0.000932 0.000959 0.001003 0.001066 0.001174 0.001416 0.001808 0.002533 0.004070 0.007078 0.011783 0.018425 0.026695 0.036738 0.048155 0.062340 
0.077236 0.077246 0.077288 0.077322 0.077387 0.077633 0.078188 0.080803 0.086127 0.095272 0.108162 0.125308 0.146339 0.171096 0.199653 0.231283 0.265802 0.303658 0.344331 0.386835 
0.432089 0.432107 0.432192 0.432325 0.432818 0.435121 0.441283 0.453249 0.470944 0.494614 0.524380 0.559458 0.600080 0.645399 0.695398 0.749622 0.808199 0.870109 0.935590 1.004560 
1.076157 1.076192 1.076388 1.076784 1.078806 1.085679 1.099205 1.120394 1.149829 1.186844 1.231023 1.281987 1.338966 1.401772 1.470200 1.544308 1.622657 1.705562 1.792525 1.882788 
1.976142 1.976214 1.976637 1.977699 1.982934 1.994514 2.014995 2.044662 2.083461 2.131006 2.187257 2.251336 2.322431 2.400630 2.485109 2.575558 2.671172 2.771527 2.876253 2.985653 
3.099018 3.099118 3.099724 3.101906 3.109363 3.125263 3.151169 3.187916 3.235179 3.292044 3.358769 3.434501 3.518765 3.610311 3.708609 3.813828 3.924625 4.041403 4.162791 4.289230 
4.419591 4.419720 4.420505 4.423588 4.433198 4.452996 4.484108 4.526878 4.581441 4.646999 4.722795 4.809196 4.903579 5.006553 5.117055 5.234707 5.358996 5.489061 5.624672 5.765924 
5.911602 5.911784 5.912882 5.916961 5.928628 5.951649 5.986962 6.035283 6.096415 6.169369 6.253822 6.348358 6.452835 6.566195 6.687395 6.816427 6.951916 7.094589 7.243559 7.397511 
7.556626 7.556827 7.558182 7.563107 7.576934 7.602829 7.642025 7.695126 7.762067 7.841590 7.932814 8.035892 8.149127 8.271463 8.402906 8.542306 8.689274 8.842833 9.002719 9.168823 
9.340280 9.340537 9.342034 9.347729 9.363060 9.391147 9.433725 9.490782 9.562284 9.647763 9.745752 9.855750 9.976487 10.107649 10.247501 10.395986 10.552630 10.716753 10.887389 11.063896 
11.246158 11.246475 11.248128 11.254588 11.271303 11.302075 11.347868 11.409212 11.485546 11.576149 11.679880 11.795724 11.923512 12.061576 12.209541 12.366560 12.532037 12.705145 12.885608 13.071706 
13.263816 13.264131 13.265875 13.272982 13.290982 13.323442 13.371933 13.436257 13.515970 13.610897 13.719696 13.841256 13.975257 14.120086 14.275111 14.438878 14.612355 14.793176 14.982064 15.177025 
15.378928 15.379239 15.381197 15.388927 15.408258 15.442541 15.493649 15.561234 15.644863 15.744261 15.858254 15.985274 16.124418 16.274921 16.436123 16.607620 16.788166 16.977114 17.173555 17.376644 
17.586830 17.587116 17.589148 17.597281 17.617573 17.653463 17.707010 17.777327 17.864557 17.967585 18.085556 18.217447 18.361654 18.517973 18.685102 18.863104 19.050119 19.245323 19.448023 19.658976 
